2659369
2670759
2455776
2680248
2764088
2772466
635679
1825921
2365928
2680853
2765068
2831724
2833172
2981463
282166
523376
544334
574187
641071
657917
734096
750244
847314
895499
970233
1226904
1242897
1766668
1849738
1857527
2026805
2045906
2471632
2594030
2659368
2680344
2680501
2681313
2689713
2725800
2732587
2750537
2793277
2816020
2826730
2856401
2943621
2948446
2948669
2970030
3008936
3046849
127313
195305
324784
344709
368261
433168
435677
439135
480405
483199
484890
566829
609843
625507
665721
697187
724194
765740
799724
813331
850992
874858
877312
884089
890329
902716
903737
938613
949234
977875
978774
1011046
1023355
1042623
1062720
1083033
1086052
1139787
1158582
1223596
1232039
1423240
1434424
1469240
1499108
1518059
1634985
1637465
1660602
1665868
1681360
1682749
1733764
1804553
1836687
1864007
1865097
1865787
1907933
1917144
1918015
1964152
2015643
2017276
2036340
2082007
2123588
2155550
2185879
2189610
2196329
2222845
2276016
2281410
2336532
2348349
2410242
2411485
2419749
2443950
2449759
2477047
2522864
2540332
2541686
2561517
2593365
2603758
2606880
2613136
2633689
2636406
2661624
2699245
2732588
2733519
2735574
2736040
2752177
2771080
2797865
2819791
2853674
2874944
2881619
2893329
2895842
2899195
2904852
2905806
2907463
2918146
2918272
2946886
2953828
2954864
2969484
2970762
2994682
3008694
3020230
3036867
3044911
3056724
3076939
3082675
2983479
3665005
129891
658127
847314
817155
668662
2082018
3435049