114379
1022432
2256655
767203
31279
2209919
1458348
3007672
676172
2069999
1854558
1154908
2140702
2206544
1694521
479354
716398
2742185
2551412
646609
1575968
2256206
1053729
2515388
1227415
59950
2524879
2593377
2161977
850729
2110943
1113574
879312
2277126
1946272
707800
1115999
2311647
2822239
2881524
765525
1184609
2852981
2699222
2701648
150143
2251000
1163090
768493
2103821
656385
2457802
910124
1184314
1134070
2689519
2667753
413428
2391843
762853
216133
2044560
2076663
3021296
270363
1226904
2841505
2621146
1619338
2915636
1826137
2288722
974854
2415770
2532942
2460502
2587040
1426926
1171696
39299
2797865
758298
2784409
2836380
852986
661243
2031188
2336659
1856805
1076701
2480417
2006468
756065
2395149
1353936
2657668
2346961
2765943
2892136
746531
1656233
2164332
2126751
2591381
3044911
74117
753968
2195984
2204492
2153282
94562
2853827
2594339
1918242
886269
90032
2998515
1942739
830164
1368355
2045001
2557463
2640530
2234458
1660602
2856401
2457055
1962655
25580
996113
2457669
792011
2916562
1639936
1051265
706798
2560589
2277474
2063886
80649
239104
2324126
1719416
2785319
2540332
2868388
2273314
1821234
1707233
2881741
2714426
2568326
98163
2040209
2516227
2848898
2317079
3010882
128668
1536489
2843603
2786685
1419974
2234038
1498091
645355
3008935
1768374
823710
2410799
2185879
2249551
2322553
793357
327262
2388648
1615502
2708875
2892551
2522615
169329
344709
535334
1885322
1694799
1513623
2552930
482147
763289
2643158
2274993
1658312
2379722
1087690
1875397
641071
2669883
1300819
2790639
2509341
2216352
2449759
2255709
2238810
115352
2248867
1944228
1833710
2363972
1176958
2444326
2670818
2118515
2334483
2586025
2598720
132946
726357
395852
2896717
2955143
1862521
2943621
908093
1469240
2081564
2593365
2669266
2857448
722934
1062720
2174442
2234942
2680273
1759106
40180
49644
1075888
2983143
1914037
2313419
1828691
684921
1783196
2661270
1799797
2747936
2581938
161787
2082018
252236
252238
668662
817155
345099
315354
435350
255694
129891
658127