2742986
1848985
2169831
1946518
2640815
1084356
2131275
2388297
120461
1175602
115352
152463
59950
1557405
1436744
1489921
2142037
2003591
416211
1768374
2034841
62269
2195938
2161977
1794863
2636964
2694184
1785848
2026805
1225022
2017276
31819
881061
3154742
1491819
1875707
87369
1018938
2524042
2489207
50845
1102952
2437973
604701
50658
2967165
911537
2668905
98415
2942890
2139992
1978196
2929865
1385091
31782
456741
2132142
711923
75266
2243631
183215
1086592
966177
2166086
2997337
1695344
2154431
2018062
910124
1241924
2680273
2650711
1506910
2595654
2633747
1551347
2946457
221409
2174050
2593377
1983436
1741529
1612150
1540269
756065
1501410
561116
132946
1632332
1839789
2581182
84837
96095
725165
1486445
42244
443713
2368235
2200738
137943
2670869
2712840
1593833
1053188
2830402
1959741
19363
2442178
2651794
61843
1900118
2711757
2773389
181843
2664727
1448813
823710
3008694
1981785
31838
49101
2581860
2415770
1759822
1860746
2805475
1104818
1021141
1883745
1921147
1572436
34162
1411708
2210722
2327014
114379
2981278
1042025
799352
2561147
2092259
2741605
1113574
1171696
2620323
2431765
1453869
2840551
1496425
695893
1392666
2082007
2745957
262302
2645464
2608105
2797260
25580
2896717
248461
2123820
2731087
2194913
2630984
1944228
1568203
2503454
641071
2587040
1181174
139649
2192128
2156070
2039544
2903726
1518059
2249015
395852
2843603
1764707
902947
2455153
2784412
36003
1046444
1605533
1071438
2473466
2054200
345189
1922693
1575100
945033
1062720
550578
1562245
2664535
2719653
107434
2527867
1628717
2590161
2278105
2362076
290799
2444026
719278
2291704
2161036
348605
3168103
2952884
2784430
478605
2930507
1617640
2028973
1494312
2594030
2312864
2764088
833389
2061191
738088
139164
827926
1544643
2781671
1501737
152702
932034
2503310
2616327
2616989
2651784
1634985
824390
3001358
2709544
2123588
2155550
676017
929660
1739403
703905
2598720
1123966
2486052
593087
2502505
2443058
2666376
2466476
2195031
2584865
2250670
1055052
815300
2182836
2967279
996113
2775197
1096903
2197734
2006725
2771171
877312
2047408
2540002
867747
1681360
391568
46486
2996105
2316008
569113
3108419
1640219
2295941
61450
2184270
154988
2907463
1588701
2254285
2097288
2067426
1515012
775380
830164
2168434
1972989
2712975
1184609
2115970
2085630
1042623
2082107
1936713
1776627
2835894
2153558
1625413
2719326
1499108
2708972
1547617
170677
2831915
2670759
81007
2445425
2972595
2828902
2088253
2250471
1852249
2556068
1826546
2132486
2842243
2633634
2800904
938613
274236
2643379
1791790
2820209
1138888
2444027
2057599
2125716
1395662
493755
85166
248896
2164713
2484475
1000684
2659368
2459125
1903676
847314
1117251
1967760
2220743
2709016
1349478
1670393
142099
2907457
98566
1109947
2683872
97338
765327
2568969
509346
58701
1461594
2635981
2689570
2054205
2803688
1219210
206567
1734270
80515
1568884
690362
2217629
2882272
904742
2470619
1263180
2129420
2218609
1746993
1017900
188819
1242897
2547767
958282
2142716
1125982
218268
2565154
1754068
3099848
1915983
2317079
1460627
1589304
2359478
2463985
483014
2039417
397768
1392244
2153282
851973
2946442
2380060
1132818
1177658
1636127
2332941
820737
2818017
485125
2423983
2583616
1562893
1986056
1828691
2468315
1215429
2728162
127291
1125657
2441293
2618287
2793108
2603706
890329
154280
1551711
2709014
1727589
1944844
2843601
2541432
1582581
1200737
1530797
2754917
2574593
1059083
1804768
2171104
1682101
43231
38085
2893305
158107
2581632
1451733
2879997
2462439
2633704
1819587
2652740
697187
1984424
424415
2365786
665210
2682168
1571187
819944
2145788
2194138
1939512
2983143
911517
2856176
1624249
2688706
1821234
2137778
2137200
1421827
36524
2234164
1899759
1864007
2675038
2561517
1694583
1625960
1958595
140805
909157
1126445
155929
1690244
180005
2725845
2852981
904257
2372012
1451540
2755563
2740523
1696290
443712
1439335
2912320
1989580
1087428
313419
1828691
684921
1783196
2661270
1799797
2747936
2581938
161787
2082018
252236
252238
668662
817155
345099
315354
435350
255694
129891
658127