2097119
2521711
3117956
2773954
645355
1383875
1632337
2104299
2733296
2916573
1982581
1634214
43603
2709014
1222034
2569284
2200738
2668591
1278874
1382561
2655469
1125982
2312364
2408391
3056724
1614368
940751
1836851
2311510
1097552
2936071
2674872
1826137
1894827
2414572
2453916
1944844
670501
1602415
88035
283965
1253986
820737
2225505
1451540
3020545
1670393
2077521
1176292
2260687
2477307
639703
1330756
2394332
2199070
2164332
2588797
2313031
2532231
2962206
1858802
2457669
2778577
1918539
2961640
137840
2174442
1696408
2261551
1070482
2306585
2987037
2400815
827857
2203226
262302
1192241
2298219
2571371
216151
1648053
1121983
1310626
837694
2661937
1586083
64996
986233
2418108
2768610
1809909
2903726
2276016
664089
1901422
2003931
2177434
2402482
482147
2042814
2446006
2740381
2500672
1248887
2314539
1126558
105978
1603721
1786452
65417
2833172
446378
1534713
799352
2689633
2651838
821238
299041
609843
1598151
2515388
2631556
1076701
2680275
2843881
1733764
1068588
2333933
2711757
2561965
100393
1791790
2234222
874939
2590503
2855075
2964306
290060
127313
2854650
1730526
2559558
2965623
1448813
1369388
2161977
1052871
766891
2231029
1935880
971086
2454945
2367515
1480798
2638888
2417486
2234038
341217
785162
1007038
84485
2238810
1781193
1814018
2983635
1624249
2455153
2598696
2680793
824359
2087482
1766668
2519013
633993
1481624
1282380
908093
2643166
155914
2981463
2909363
2848898
2442117
2820485
2132486
90940
880321
2350941
2694184
2718544
1825258
1909836
2533475
1918015
2588430
1104818
1640115
382238
1537816
862246
824390
1701907
1702072
2680248
81007
2878235
2254285
2507884
1774822
380596
2129097
1482677
1104638
2415770
2594991
2443058
2651786
3108419
2702115
2770057
1562893
1943046
1860746
2465901
738959
29180
180005
1669949
873916
378617
2320300
1588830
207501
795798
1578351
2530017
2138306
360736
881061
2643413
2020982
2153282
2907086
1569878
1372222
2735463
827835
2845562
2680344
483014
746531
1847560
2779104
2254763
2429557
2277474
908800
2047312
1836239
2730029
2321701
790428
2348523
772461
2444971
80515
665509
2251000
1780725
1097608
1453869
439135
90651
2169357
1862523
2492009
1930104
1632332
2234164
2138098
882929
772983
68825
2471716
44714
2632518
1682101
2026805
920877
2880033
2422343
2361458
3087146
1873147
1023355
2467479
2243197
2651889
2788522
144495
2717891
3007672
2445425
164250
2510638
2222880
2646718
2495051
263702
2728312
144387
1292241
2351589
1676639
2610932
2006468
1370137
2142037
1163090
2153280
2273314
2269189
84538
2643379
2712975
663881
2131275
2509702
2673273
107702
1582809
2310865
2699222
1903676
1834172
2395149
1154908
690362
84837
1215429
2233919
820336
2168434
188071
2968949
1591935
2088216
1660932
412985
2392113
146372
2258127
1568203
2448594
591657
2515473
1941180
150360
1751375
2815033
2324126
2881155
759823
2335553
2526699
2485993
1360583
1460627
888980
1571187
2967279
1965586
2905806
718156
1810154
973546
1093605
2054876
2532942
2533116
2487840
1707233
2431965
2263669
2529041
2785316
1559749
1458348
93527
136640
764082
1791443
2934950
1459108
687530
2689525
1985639
2895112
2017276
97860
1749032
1231420
2291704
2591381
902716
2580614
125448
2459722
1716393
1042025
1839789
2251036
2708955
102016
1759822
2662924
1158582
696173
2636826
2689713
135051
3119716
1055818
2626718
734927
173567
990324
31838
2063886
1931547
2930817
840642
1820714
2708970
2882272
2760729
1945907
1858801
2708442
2249551
1518059
2310806
2719653
2797157
104701
152179
2996105
2943252
1754013
2084629
2524307
2461904
2657557
708826
2842243
64909
2397737
1694583
2895498
80649
2680939
2440571
2797214
1067728
2956854
2255709
456741
1322582
1233051
2075268
152702
1900118
1224936
923912
1652184
2968871
888715
127500
2445272
107434
819944
2689473
255677
2060873
2140702
2189653
2238398
2801208
1174596
2267083
2139225
178353
1529874
1126317
2380608
2220536
2943621
3020246
28148
1095721
585247
1981785
2306891
169841
1707910
493755
2089429
1725346
2538119
228919
221409
2315633
2850156
300183
168504
2126751
2014125
859692
283705
1882338
102980
1641637
2219160
2292999
2648002
2444326
2731139
2349996
3099848
2946442
2998490
2976155
1392244
2771080
896689
2522270
2793108
2955143
348605
2578746
2116103
949234
2452634
1852249
2155550
2708980
1218028
1046444
3010882
865344
2316008
1575929
1842867
2372545
693412
326813
2630984
1800499
118380
1419974
2719305
1040424
1575173
2457465
2335757
2669266
2998444
2659377
1680025
2460834
596161
1644339
1582581
2110943
2769435
150143
2968792
2664535
1083053
1481207
2140939
2635397
2219645
64674
660887
1827961
201779
2866206
1506910
1361429
2137749
2006819
2784430
1754068
464521
1986056
2594993
762792
2658972
2721644
1283956
2083026
2299955
318822
1002857
2727564
2267030
2444027
1875707
1825921
2708946
453790
1983241
1245276
2066790
2643137
37166
1232039
324889
2616989
2226084
2543595
1377976
680886
1971458
501755
2942890
2334295
60262
2250471
2702748
1575099
2469246
1068592
1545078
2123588
1593262
2667753
1972329
1158221
1229702
2255706
239104
3154742
779964
2169831
88145
443129
2457333
2969484
1352046
1572436
95015
848397
2380060
2047408
2454972
105891
1693862
2853665
2981472
1469240
2191964
2352892
2167576
2593243
1764707
424415
2880885
854972
2167265
2603707
2005865
2339243
1024215
2226227
2904852
1583147
574187
822869
2664884
2349954
2881526
2391392
2646355
1046977
744673
2856086
155118
2633689
2225415
225414
228679
1986118
2137969
2187624
1414767
261524
1498981
1734126
522348
1740092
3107447
2921554
1899759
1239979
2164713
2246356
1868881
635679
2633779
2186073
1949860
1138888
1047587
2593377
2856232
2204492
2156392
2272299
2635981
1043170
1004918
2503310
479354
116988
2701648
2893305
2222845
495776
97525
239265
2054204
1658312
2117272
2831915
2096771
61450
1831280
2250591
331496
765740
83975
1498091
1872989
2647053
2107578
42244
2021129
1187506
1173862
695394
1971717
2368664
2236597
2118515
50658
2557463
2327014
1074409
443712
2147636
308350
2755563
1955207
2708952
633373
3045916
2388944
799724
2610181
1134433
413428
2134906
611897
2719386
2089376
789752
2601109
2877776
2954047
1464221
874858
1582594
1432512
738088
675659
1056128
54373
2708956
416882
2701267
188819
2277126
2476320
2194622
779179
2916562
2090742
2689570
1770994
509346
857586
758298
1891490
2803688
2104765
638551
2015527
1077370
2357612
2076663
162608
2719427
3056728
2732587
2177260
2722655
2182502
2954864
187727
1489921
2719302
1775026
686559
2952884
2039544
2785406
529870
34162
2752177
2764843
2331984
162831
2626412
1223596
2205248
861180
362297
95870
2589229
2840551
1200737
882272
830164
124508
2287856
2242807
1777490
2038619
1615502
2703869
2794464
419487
1898692
2670866
2550944
2830529
2267272
1592403
2464404
2622409
2282405
2044560
552068
2069999
1738984
472087
395852
999064
2211226
2650676
2143344
2127114
2336659
2480360
1353936
67665
229695
2891411
40753
2658004
2322888
2323943
1837093
325209
1057962
2346531
2379722
1750943
1756228
1484886
1047447
2954718
2551412
2772466
1589304
2818017
2237357
2840740
2389623
1009021
833389
1546433
2012588
2733463
57683
2332941
952069
31279
2218609
236850
2837137
2725800
2805475
2169726
1739583
860921
978774
3020554
2534391
92037
911540
1652894
403200
2621146
2719372
2226504
1000684
1438536
2301694
1401281
2459904
2139992
2470326
140390
2881524
2643111
290799
734769
2561517
1494341
1750280
1601387
2680280
2132691
337873
2724800
2339362
2266069
902947
1238045
2971892
2680853
2168971
2983325
2931602
1349478
55092
1814068
2722429
124570
2296800
2164315
1008079
2664322
1429745
922916
1771721
2219809
2711624
1875484
2161659
2232950
1697753
1113343
1580728
2680501
1374121
2918272
1755497
1292178
2554585
2822369
2708875
2665294
1463294
2182836
2573163
2881616
2788239
2389485
1694521
1106704