2830529
2881526
2719427
2613064
2800493
2664727
2729826
2477276
127136
115384
2633777
168504
338862
69666
1843575
2366332
1413933
1008079
1984539
150143
2722655
1626733
54373
1810154
304517
2719326
635679
2465287
2745957
1961125
130030
2752177
1330756
1274975
2040981
1910836
2675038
2017285
2869424
1989580
2610005
2311803
2526699
895331
2295254
2457461
31838
1754013
1568203
1243383
399756
289256
2142695
167819
2048566
552068
2853674
2006468
2278105
2371698
2601642
1629168
288163
1909205
2803688
1594988
465022
1377739
1231420
1181174
1780725
252238
1363850
1764707
2226170
2497273
2351858
909157
1218028
853404
2750914
3020230
2484475
676172
1532546
2352321
1682101
2457698
2843881
827926
1713168
1399911
2964306
1722890
119415
2067296
1657723
1573582
1701907
2223096
1828691
684921
1783196
2661270
1799797
2747936
2581938
161787
2082018
252236
252238
668662
817155
345099
315354
435350
255694
129891
658127