2468315
2468315
2468315
2468315
2468315
2468315
2468315
2659369
2659369
2659369
2659369
2659369
2659369
2659369
2277700
2277700
2277700
2277700
2277700
2277700
2294521
2294521
2294521
2294521
2294521
2294521
2594547
2594547
2594547
2594547
2594547
2594547
2670869
2670869
2670869
2670869
2670869
2670869
2689459
2689459
2689459
2689459
2689459
2689459
2785316
2785316
2785316
2785316
2785316
2785316
2800493
2800493
2800493
2800493
2800493
2800493
1347584
1347584
1347584
1347584
1347584
1946272
1946272
1946272
1946272
1946272
2025832
2025832
2025832
2025832
2025832
2206544
2206544
2206544
2206544
2206544
2670759
2670759
2670759
2670759
2670759
2715370
2715370
2715370
2715370
2715370
2736518
2736518
2736518
2736518
2736518
49612
49612
49612
49612
87171
87171
87171
87171
734927
734927
734927
734927
1018115
1018115
1018115
1018115
1295837
1295837
1295837
1295837
1730526
1730526
1730526
1730526
1924965
1924965
1924965
1924965
1957037
1957037
1957037
1957037
2106506
2106506
2106506
2106506
2248322
2248322
2248322
2248322
2265852
2265852
2265852
2265852
2279885
2279885
2279885
2279885
2379722
2379722
2379722
2379722
2394332
2394332
2394332
2394332
2455776
2455776
2455776
2455776
2610929
2610929
2610929
2610929
2613061
2613061
2613061
2613061
2613076
2613076
2613076
2613076
2613166
2613166
2613166
2613166
2633754
2633754
2633754
2633754
2633777
2633777
2633777
2633777
2680248
2680248
2680248
2680248
2689519
2689519
2689519
2689519
2699135
2699135
2699135
2699135
2741605
2741605
2741605
2741605
2750914
2750914
2750914
2750914
2764088
2764088
2764088
2764088
2772466
2772466
2772466
2772466
2784412
2784412
2784412
2784412
2785319
2785319
2785319
2785319
2805475
2805475
2805475
2805475
2836380
2836380
2836380
2836380
2881155
2881155
2881155
2881155
2955142
2955142
2955142
2955142
37166
37166
37166
40001
40001
40001
44714
44714
44714
50148
50148
50148
55474
55474
55474
66820
66820
66820
76612
76612
76612
89229
89229
89229
158107
158107
158107
168504
168504
168504
183425
183425
183425
192181
192181
192181
281632
281632
281632
438187
438187
438187
509346
509346
509346
539090
539090
539090
635679
635679
635679
744444
744444
744444
772983
772983
772983
790428
790428
790428
805029
805029
805029
837694
837694
837694
943380
943380
943380
992223
992223
992223
1009021
1009021
1009021
1009327
1009327
1009327
1017900
1017900
1017900
1154908
1154908
1154908
1252022
1252022
1252022
1361429
1361429
1361429
1370137
1370137
1370137
1414400
1414400
1414400
1434351
1434351
1434351
1438536
1438536
1438536
1458351
1458351
1458351
1463294
1463294
1463294
1501410
1501410
1501410
1618445
1618445
1618445
1636127
1636127
1636127
1639219
1639219
1639219
1652184
1652184
1652184
1680262
1680262
1680262
1701907
1701907
1701907
1714884
1714884
1714884
1716393
1716393
1716393
1741529
1741529
1741529
1768374
1768374
1768374
1814067
1814067
1814067
1825921
1825921
1825921
1834172
1834172
1834172
1855074
1855074
1855074
1939633
1939633
1939633
1944228
1944228
1944228
1946518
1946518
1946518
1961029
1961029
1961029
2038244
2038244
2038244
2115970
2115970
2115970
2130349
2130349
2130349
2138942
2138942
2138942
2157174
2157174
2157174
2187624
2187624
2187624
2195031
2195031
2195031
2195938
2195938
2195938
2207263
2207263
2207263
2216352
2216352
2216352
2224855
2224855
2224855
2225505
2225505
2225505
2238398
2238398
2238398
2243197
2243197
2243197
2251000
2251000
2251000
2255707
2255707
2255707
2272898
2272898
2272898
2277126
2277126
2277126
2359478
2359478
2359478
2365928
2365928
2365928
2371574
2371574
2371574
2417383
2417383
2417383
2430730
2430730
2430730
2442117
2442117
2442117
2446006
2446006
2446006
2453247
2453247
2453247
2453659
2453659
2453659
2456930
2456930
2456930
2473466
2473466
2473466
2474770
2474770
2474770
2485993
2485993
2485993
2516227
2516227
2516227
2520609
2520609
2520609
2532942
2532942
2532942
2549390
2549390
2549390
2559136
2559136
2559136
2567564
2567564
2567564
2569284
2569284
2569284
2581647
2581647
2581647
2588430
2588430
2588430
2590503
2590503
2590503
2624071
2624071
2624071
2659377
2659377
2659377
2662619
2662619
2662619
2674872
2674872
2674872
2680247
2680247
2680247
2680853
2680853
2680853
2689473
2689473
2689473
2689570
2689570
2689570
2703869
2703869
2703869
2725951
2725951
2725951
2737099
2737099
2737099
2765068
2765068
2765068
2777125
2777125
2777125
2784409
2784409
2784409
2789103
2789103
2789103
2812094
2812094
2812094
2830529
2830529
2830529
2831724
2831724
2831724
2831735
2831735
2831735
2833172
2833172
2833172
2835408
2835408
2835408
2843596
2843596
2843596
2854062
2854062
2854062
2895386
2895386
2895386
2916573
2916573
2916573
2981463
2981463
2981463
28148
28148
31819
31819
36524
36524
43117
43117
49101
49101
50658
50658
50892
50892
54373
54373
58701
58701
58978
58978
59892
59892
65177
65177
72604
72604
86352
86352
88035
88035
89362
89362
90032
90032
91462
91462
96523
96523
97338
97338
97525
97525
98415
98415
102441
102441
111493
111493
115384
115384
118054
118054
124508
124508
127136
127136
128775
128775
137840
137840
146372
146372
152702
152702
154280
154280
155049
155049
155118
155118
162608
162608
166350
166350
180423
180423
195502
195502
206567
206567
211903
211903
216133
216133
221409
221409
236850
236850
240689
240689
240730
240730
243644
243644
248474
248474
249516
249516
260843
260843
279607
279607
282166
282166
289256
289256
290060
290060
290799
290799
303799
303799
345189
345189
354167
354167
361688
361688
378617
378617
391568
391568
395239
395239
425385
425385
430371
430371
443713
443713
522992
522992
523376
523376
541044
541044
544334
544334
574187
574187
627961
627961
633993
633993
641071
641071
656385
656385
657917
657917
670501
670501
679779
679779
693412
693412
701033
701033
703794
703794
734096
734096
750244
750244
756065
756065
758298
758298
763289
763289
767203
767203
768493
768493
779964
779964
792011
792011
795798
795798
803121
803121
821238
821238
833389
833389
833485
833485
839711
839711
844718
844718
847314
847314
857586
857586
862246
862246
874939
874939
893916
893916
894409
894409
895499
895499
923319
923319
930297
930297
964063
964063
969324
969324
970233
970233
990324
990324
1000747
1000747
1027019
1027019
1037637
1037637
1041727
1041727
1042025
1042025
1052871
1052871
1059083
1059083
1086008
1086008
1093605
1093605
1097476
1097476
1097552
1097552
1100091
1100091
1104818
1104818
1113532
1113532
1120556
1120556
1124153
1124153
1125657
1125657
1126317
1126317
1126445
1126445
1134070
1134070
1134549
1134549
1150189
1150189
1158221
1158221
1176292
1176292
1176958
1176958
1177658
1177658
1178758
1178758
1184962
1184962
1192241
1192241
1226904
1226904
1229702
1229702
1238045
1238045
1239979
1239979
1242897
1242897
1245894
1245894
1274975
1274975
1282380
1282380
1303641
1303641
1306399
1306399
1316268
1316268
1322582
1322582
1365017
1365017
1388622
1388622
1388633
1388633
1392244
1392244
1414767
1414767
1440743
1440743
1451540
1451540
1459108
1459108
1475859
1475859
1476104
1476104
1478218
1478218
1481149
1481149
1483801
1483801
1486445
1486445
1520055
1520055
1545078
1545078
1554713
1554713
1557405
1557405
1569283
1569283
1578351
1578351
1582581
1582581
1582594
1582594
1602415
1602415
1603080
1603080
1624249
1624249
1632337
1632337
1635124
1635124
1642420
1642420
1655991
1655991
1661565
1661565
1672466
1672466
1678973
1678973
1679788
1679788
1682831
1682831
1694521
1694521
1694583
1694583
1710926
1710926
1714350
1714350
1722011
1722011
1725346
1725346
1726857
1726857
1734156
1734156
1738984
1738984
1741989
1741989
1746993
1746993
1750280
1750280
1756228
1756228
1766668
1766668
1782852
1782852
1784484
1784484
1785322
1785322
1786452
1786452
1804944
1804944
1809909
1809909
1810374
1810374
1819629
1819629
1825258
1825258
1836680
1836680
1836851
1836851
1839789
1839789
1849738
1849738
1850085
1850085
1856461
1856461
1856805
1856805
1857527
1857527
1858801
1858801
1862521
1862521
1878931
1878931
1898745
1898745
1900365
1900365
1910836
1910836
1918242
1918242
1922693
1922693
1931547
1931547
1935880
1935880
1938201
1938201
1939173
1939173
1945907
1945907
1950368
1950368
1957283
1957283
1966391
1966391
1971458
1971458
1979409
1979409
1985639
1985639
1994839
1994839
2002273
2002273
2005243
2005243
2005865
2005865
2006725
2006725
2006819
2006819
2020137
2020137
2025904
2025904
2026805
2026805
2027309
2027309
2028397
2028397
2028973
2028973
2033623
2033623
2034979
2034979
2039543
2039543
2039544
2039544
2042954
2042954
2045906
2045906
2047312
2047312
2048601
2048601
2054876
2054876
2055981
2055981
2066790
2066790
2067859
2067859
2077521
2077521
2088253
2088253
2089376
2089376
2095041
2095041
2096523
2096523
2096780
2096780
2097288
2097288
2103267
2103267
2103821
2103821
2106420
2106420
2116103
2116103
2117271
2117271
2118515
2118515
2123820
2123820
2134989
2134989
2137969
2137969
2142695
2142695
2143344
2143344
2144228
2144228
2153771
2153771
2169726
2169726
2178003
2178003
2182118
2182118
2184669
2184669
2185350
2185350
2186917
2186917
2189653
2189653
2196372
2196372
2197734
2197734
2202224
2202224
2204492
2204492
2210722
2210722
2220380
2220380
2220743
2220743
2221627
2221627
2223761
2223761
2225299
2225299
2225415
2225415
2226084
2226084
2238602
2238602
2239032
2239032
2245529
2245529
2255709
2255709
2256378
2256378
2258540
2258540
2260268
2260268
2260687
2260687
2261208
2261208
2262846
2262846
2270137
2270137
2280910
2280910
2287620
2287620
2288722
2288722
2291704
2291704
2295254
2295254
2301348
2301348
2301694
2301694
2302827
2302827
2303942
2303942
2305317
2305317
2306585
2306585
2312864
2312864
2316008
2316008
2317802
2317802
2323943
2323943
2330438
2330438
2338526
2338526
2341682
2341682
2343251
2343251
2345637
2345637
2346531
2346531
2359580
2359580
2361457
2361457
2363005
2363005
2367746
2367746
2368664
2368664
2369095
2369095
2380608
2380608
2385728
2385728
2388297
2388297
2389811
2389811
2395149
2395149
2397737
2397737
2402482
2402482
2407780
2407780
2414572
2414572
2415770
2415770
2417422
2417422
2434361
2434361
2434904
2434904
2436870
2436870
2437708
2437708
2442178
2442178
2442834
2442834
2444326
2444326
2444971
2444971
2450295
2450295
2452465
2452465
2454944
2454944
2454945
2454945
2457461
2457461
2457465
2457465
2462350
2462350
2465287
2465287
2470619
2470619
2471454
2471454
2471632
2471632
2473039
2473039
2476320
2476320
2477307
2477307
2477308
2477308
2480417
2480417
2485990
2485990
2486052
2486052
2487840
2487840
2490762
2490762
2495051
2495051
2500705
2500705
2505289
2505289
2510640
2510640
2515473
2515473
2517688
2517688
2519013
2519013
2519731
2519731
2521711
2521711
2524625
2524625
2527867
2527867
2532231
2532231
2535967
2535967
2548006
2548006
2548533
2548533
2556233
2556233
2557463
2557463
2558055
2558055
2560355
2560355
2568326
2568326
2574379
2574379
2579124
2579124
2579405
2579405
2580614
2580614
2581860
2581860
2582733
2582733
2583505
2583505
2584895
2584895
2591381
2591381
2592046
2592046
2592887
2592887
2593243
2593243
2594030
2594030
2594993
2594993
2596847
2596847
2603745
2603745
2609903
2609903
2610932
2610932
2613064
2613064
2613146
2613146
2621030
2621030
2621145
2621145
2622415
2622415
2623950
2623950
2623955
2623955
2624042
2624042
2624225
2624225
2626412
2626412
2631202
2631202
2633136
2633136
2633335
2633335
2633704
2633704
2635981
2635981
2636826
2636826
2645666
2645666
2646718
2646718
2650676
2650676
2651794
2651794
2651889
2651889
2659368
2659368
2663197
2663197
2664322
2664322
2664884
2664884
2665294
2665294
2670866
2670866
2674708
2674708
2675756
2675756
2680257
2680257
2680271
2680271
2680275
2680275
2680328
2680328
2680344
2680344
2680501
2680501
2681313
2681313
2689633
2689633
2689713
2689713
2692632
2692632
2694184
2694184
2694598
2694598
2699218
2699218
2699222
2699222
2699419
2699419
2700108
2700108
2708952
2708952
2708997
2708997
2709016
2709016
2710347
2710347
2711624
2711624
2717891
2717891
2719334
2719334
2719837
2719837
2719875
2719875
2719893
2719893
2720001
2720001
2724800
2724800
2725800
2725800
2725845
2725845
2728312
2728312
2728951
2728951
2729414
2729414
2730819
2730819
2731700
2731700
2732587
2732587
2733296
2733296
2742986
2742986
2744118
2744118
2745957
2745957
2750537
2750537
2755563
2755563
2771171
2771171
2775197
2775197
2784285
2784285
2786752
2786752
2790573
2790573
2791096
2791096
2793277
2793277
2797254
2797254
2797262
2797262
2803777
2803777
2804225
2804225
2809623
2809623
2814172
2814172
2815969
2815969
2816020
2816020
2820485
2820485
2826730
2826730
2831708
2831708
2842243
2842243
2843595
2843595
2843601
2843601
2849415
2849415
2852981
2852981
2853637
2853637
2856173
2856173
2856401
2856401
2866814
2866814
2868387
2868387
2868857
2868857
2877776
2877776
2880033
2880033
2880885
2880885
2881144
2881144
2881252
2881252
2881614
2881614
2892136
2892136
2900597
2900597
2907086
2907086
2917552
2917552
2917972
2917972
2921554
2921554
2929650
2929650
2936071
2936071
2943621
2943621
2947341
2947341
2948446
2948446
2948669
2948669
2955078
2955078
2955143
2955143
2970030
2970030
2981278
2981278
2983325
2983325
3007522
3007522
3008935
3008935
3008936
3008936
3046849
3046849
1562
18854
19363
25580
26726
29180
30386
31279
31562
31782
31838
34162
34859
35203
35611
35837
36003
36210
37014
37848
38085
38423
38894
39076
39299
40180
40753
41249
42244
43231
43603
43666
46486
49532
49644
50291
50719
50845
53926
55092
55998
56337
56347
56549
56560
57683
59950
60089
60238
60262
61450
61843
62203
62269
64674
64909
64996
65417
65756
66395
66458
67620
67665
67899
68624
68825
69666
70923
71467
74117
74200
75266
76096
76663
77017
77580
77752
77782
78846
78947
80102
80200
80515
80649
80863
81007
81577
83925
83975
84072
84485
84538
84837
85166
86219
86925
87266
87369
88145
88239
88632
89589
90651
90940
91215
91913
92037
92471
93145
93527
93947
94533
94562
95015
95360
95870
96095
96314
97423
97860
97934
98163
98452
98566
99997
100393
102016
102309
102736
102980
103020
103132
104635
104701
104842
105311
105891
105978
106033
107434
107702
109301
109620
110628
112158
112845
113643
114379
115352
116876
116988
118380
119415
120030
120461
123706
123882
124264
124512
124521
124570
124771
125448
126677
127291
127313
127500
127944
128668
128886
129109
130030
132903
132946
135051
135804
136640
136664
137943
138769
139164
139649
140390
140805
140886
142099
142480
144356
144387
144495
146299
147370
147377
149032
149971
150143
150360
151229
152179
152463
154988
155914
155929
156585
156904
157205
157298
161940
162405
162831
163250
164250
165532
167094
167819
169329
169841
170677
171767
172161
173391
173567
176342
177493
178353
178448
179174
179816
180005
181843
183215
183350
184578
187501
187727
188071
188819
188889
189628
191877
193404
195305
195372
196839
199132
200536
201779
205405
206525
207501
208935
211154
214735
216151
217493
218268
224132
225414
226605
228679
228919
229676
229695
230467
239104
239265
240488
244224
248461
248896
250180
251792
254296
255677
259519
261524
262302
263702
270363
274236
275107
283509
283705
283965
285600
288163
290580
291393
292099
292589
293291
297421
299041
300183
304517
308350
312959
313429
314524
315941
316018
316995
318822
319694
323264
324784
324889
325209
326813
327262
331496
337873
338862
341217
344354
344619
344709
348605
360736
362297
362423
364310
364990
368261
372170
373318
375036
380596
382238
385856
395852
397768
399756
403200
403449
405982
410858
412985
413428
415307
416211
416882
417898
419190
419487
424415
427455
427962
428270
429797
430192
432155
433168
435677
437202
438456
439135
441616
443129
443712
446378
453790
456741
464521
465022
472087
475805
478605
479354
480405
482147
483014
483199
483882
484661
484890
485125
492285
493755
495776
499839
501755
515360
516785
519940
521280
522348
527704
529870
534946
535334
543496
543814
550578
552068
554287
561116
563828
564188
565930
566829
569113
574050
585247
585311
590337
590483
591657
593087
596161
604701
608617
609843
611897
622137
623793
625507
627397
631361
633373
634351
637277
637391
637739
638551
639703
643607
644971
645355
646609
648443
652034
653816
658961
660887
661243
662704
663881
664089
665210
665509
665543
665721
667282
667843
668313
668662
675659
675734
676017
676172
680886
681786
683152
684921
684970
686413
686559
687530
689290
690362
691208
692495
695394
695893
696173
696185
697187
698249
698516
700286
701528
703173
703905
706798
707800
708826
709749
711923
712278
716398
717133
718156
718642
719278
722596
722934
723285
724194
724440
725165
726106
726357
730840
732932
734769
735403
738088
738606
738959
740033
744673
746531
753968
755900
757386
759823
760534
762792
762853
763946
764082
765327
765525
765740
765873
766504
766528
766891
767672
768986
772067
772461
775380
778603
779179
779440
785162
789752
791320
792303
793357
793374
793620
794779
795712
796046
797108
797875
798688
799166
799352
799724
800502
807070
808448
809378
813331
815300
818370
819641
819944
820336
820737
822869
823710
824359
824390
827835
827857
827926
830164
831035
833194
836339
837014
840538
840642
842320
842512
846019
847386
848397
850729
850992
851973
852986
853404
854972
858558
859692
860921
861180
862338
863249
865344
867747
870839
873916
874858
877312
878771
879312
880321
881061
882272
882929
884089
886269
887145
888715
888980
890190
890329
895331
896689
898514
902716
902947
903737
904077
904257
904742
905422
906639
908093
908800
909157
910124
911517
911537
911540
920877
921620
922172
922916
923389
923912
929660
931964
932034
938613
940751
945033
948389
949234
950963
952069
957468
958282
958392
958642
961256
964130
966177
968101
969585
971086
972592
973546
974653
974684
974854
975418
977875
978774
978778
985004
986233
987375
990396
991014
991267
992389
994893
996113
996349
996731
999064
1000168
1000684
1002857
1004918
1005745
1007038
1008079
1008720
1009022
1011046
1014879
1015365
1018247
1018938
1021024
1021141
1022432
1023091
1023355
1024215
1028119
1035068
1035357
1037478
1038610
1040424
1042623
1043095
1043170
1046444
1046977
1047447
1047587
1049962
1051179
1051265
1051486
1053188
1053232
1053729
1054480
1055052
1055190
1055818
1056128
1056698
1057681
1057962
1058615
1059029
1061899
1062720
1066809
1067728
1068588
1068592
1069966
1070482
1071011
1071438
1073201
1073422
1074409
1075888
1076701
1077370
1077604
1078110
1079938
1081885
1082403
1083033
1083053
1083102
1084356
1086052
1086592
1087428
1087690
1093636
1095507
1095721
1096903
1097608
1098912
1099473
1099807
1102952
1103554
1104057
1104317
1104638
1106704
1109947
1113343
1113574
1113951
1114383
1115999
1116546
1117251
1119755
1120184
1121578
1121983
1123966
1125656
1125982
1126558
1127521
1128097
1132779
1132818
1133671
1134433
1134784
1135897
1138888
1138938
1139787
1142251
1150686
1150882
1158582
1163090
1164100
1164369
1166289
1171193
1171316
1171696
1172123
1172667
1173862
1174596
1175602
1176256
1176259
1181174
1184314
1184609
1187506
1188172
1188549
1188847
1191349
1191831
1200737
1204502
1207310
1208032
1208335
1215429
1218028
1218544
1218637
1219210
1219592
1220805
1222034
1223596
1224936
1225022
1225565
1226973
1227263
1227415
1228359
1230741
1231091
1231420
1232039
1233051
1234535
1241924
1243383
1244306
1245276
1245714
1246110
1247752
1247896
1248887
1249902
1253986
1256332
1260593
1263180
1269449
1270701
1273512
1275831
1278874
1283136
1283956
1286416
1288569
1290043
1290123
1290572
1292178
1292241
1294192
1294194
1294402
1294744
1299008
1299942
1300819
1306493
1306871
1310626
1315116
1316353
1321786
1324653
1330756
1341554
1349478
1351933
1352046
1353936
1355247
1358299
1359903
1360583
1361845
1363620
1363805
1363850
1368355
1369388
1371397
1371734
1372222
1374121
1377739
1377976
1382561
1383875
1385091
1388891
1389956
1391806
1392666
1392667
1395662
1399911
1400084
1400359
1401281
1403318
1409266
1411573
1411708
1411794
1413791
1413933
1414349
1414553
1419003
1419974
1419975
1420353
1421827
1423240
1424776
1426926
1428656
1429118
1429745
1429975
1430822
1432041
1432320
1432512
1432943
1434424
1436744
1437419
1438557
1439335
1440741
1442763
1443510
1448813
1451733
1453869
1457925
1458348
1458349
1458529
1460627
1461594
1463400
1464221
1466000
1469136
1469159
1469240
1474455
1475812
1476582
1476604
1480798
1481207
1481624
1482677
1484308
1484886
1486534
1489205
1489921
1491800
1491819
1493345
1494312
1494341
1494458
1496425
1498091
1498981
1499108
1501582
1501737
1501806
1505778
1506556
1506561
1506910
1513541
1513623
1515012
1517345
1518059
1519914
1520526
1520670
1522330
1526606
1529874
1530562
1530797
1532489
1532546
1534713
1536489
1536555
1536579
1537816
1538480
1539871
1540269
1541243
1542024
1544643
1546433
1547617
1550984
1551347
1551711
1555717
1556011
1559749
1562245
1562547
1562734
1562893
1564457
1565244
1567435
1567816
1568203
1568884
1569878
1570419
1571187
1571656
1571816
1572436
1573582
1573743
1573999
1575099
1575100
1575173
1575929
1575968
1577009
1577423
1577780
1580160
1580161
1580728
1580739
1582579
1582585
1582809
1582988
1583147
1584191
1586083
1586350
1586427
1588369
1588701
1588830
1589304
1591935
1592403
1593031
1593262
1593833
1593926
1593927
1594070
1594988
1596819
1597481
1598151
1599980
1600995
1601387
1601880
1603721
1605533
1608992
1609215
1610046
1612150
1612832
1614368
1615502
1617055
1617640
1618504
1618984
1618998
1619010
1619027
1619291
1619338
1619682
1620583
1625413
1625960
1626733
1627723
1628717
1629168
1632332
1633534
1634214
1634985
1636976
1637427
1637465
1639936
1640115
1640219
1640291
1641323
1641465
1641637
1642449
1644003
1644339
1645523
1647044
1647345
1648053
1649183
1652894
1656233
1657285
1657723
1658063
1658312
1659770
1660602
1660686
1660763
1660932
1662038
1665868
1669808
1669949
1670393
1671305
1674105
1674629
1676390
1676639
1676675
1678438
1679794
1680025
1681360
1681519
1682101
1682749
1685542
1687456
1689229
1690244
1691045
1693575
1693862
1694582
1694799
1695344
1696290
1696408
1696541
1697753
1698155
1700588
1701564
1702072
1704329
1704553
1705819
1706571
1706995
1707233
1707319
1707910
1713168
1714819
1718454
1719416
1722890
1724396
1726478
1727589
1727798
1731906
1731978
1733764
1734126
1734270
1737702
1739403
1739583
1740092
1742937
1744644
1746520
1747614
1749032
1750943
1751375
1751858
1754013
1754068
1754511
1755497
1756927
1759106
1759615
1759822
1759876
1760024
1761649
1763938
1764707
1766008
1768093
1770594
1770994
1771721
1772923
1774822
1774893
1775026
1775268
1775314
1775699
1776627
1777047
1777067
1777490
1780725
1780800
1781193
1781707
1782080
1782834
1783196
1783556
1785185
1785848
1787792
1791443
1791790
1794863
1795003
1799797
1800499
1803623
1804239
1804553
1804768
1804913
1810154
1814018
1814068
1815397
1817304
1818404
1818604
1819587
1819850
1820714
1821234
1826137
1826146
1826208
1826546
1827961
1828691
1831280
1833710
1836239
1836468
1836687
1837093
1842867
1843575
1844821
1844892
1846365
1846898
1847043
1847560
1848985
1850948
1852249
1854558
1858802
1860746
1862523
1863217
1863226
1863246
1863248
1863414
1863863
1864007
1864175
1865097
1865787
1868803
1868881
1870002
1870069
1870205
1872562
1872989
1873147
1875397
1875484
1875707
1882338
1883745
1883952
1884274
1884388
1884623
1885112
1885322
1886547
1888082
1888712
1888862
1891490
1891907
1894827
1895282
1895699
1895932
1895993
1896581
1896862
1897551
1898692
1899759
1900118
1901422
1903676
1907933
1908314
1908618
1908705
1909205
1909836
1911625
1911962
1912325
1914037
1915983
1917144
1917285
1918015
1918539
1918871
1919688
1920788
1921070
1921147
1921261
1921936
1922594
1923556
1924977
1930097
1930104
1933498
1935698
1936561
1936713
1936867
1939016
1939512
1941180
1941532
1941920
1942739
1942748
1943046
1944231
1944844
1945754
1949860
1950959
1952135
1955207
1958594
1958595
1958623
1959741
1961125
1961304
1961714
1962655
1964152
1964522
1965586
1965654
1966224
1967760
1968674
1970032
1971717
1972329
1972989
1973805
1975886
1975970
1976327
1978196
1978833
1981785
1981844
1982581
1983124
1983241
1983436
1984424
1984539
1985100
1985946
1986056
1986118
1989405
1989580
1990338
1992239
1992475
1993287
1994789
2003514
2003591
2003931
2006067
2006080
2006468
2007041
2007683
2009707
2011188
2011539
2012588
2012763
2014125
2014193
2014634
2015527
2015643
2017276
2017285
2017881
2018062
2019793
2020375
2020379
2020982
2021129
2024333
2025459
2025589
2026140
2027183
2028792
2031188
2033671
2034284
2034488
2034841
2034980
2035276
2035761
2036340
2036902
2036903
2038185
2038186
2038619
2039417
2040209
2040981
2042814
2044560
2045001
2046771
2047408
2048566
2052682
2053468
2054142
2054199
2054200
2054204
2054205
2057577
2057599
2057654
2057956
2060873
2061191
2061893
2062581
2063029
2063785
2063886
2065883
2066867
2067296
2067426
2069236
2069629
2069969
2069999
2070594
2071421
2071581
2073822
2074065
2075268
2075562
2076663
2077451
2081564
2082007
2082008
2082107
2082447
2083026
2084319
2084629
2085630
2085958
2087482
2088216
2089429
2089695
2090356
2090742
2092259
2092293
2093704
2096771
2096920
2097119
2098486
2100202
2100850
2101912
2103253
2104299
2104699
2104765
2105177
2105913
2107578
2108388
2110050
2110943
2111987
2112706
2113247
2113339
2113440
2117272
2120117
2120381
2121524
2122710
2123588
2125716
2126751
2127114
2129097
2129420
2129676
2131275
2132142
2132370
2132486
2132691
2132928
2133726
2133938
2134906
2136959
2137200
2137749
2137778
2138098
2138306
2138943
2139225
2139992
2140171
2140702
2140939
2141331
2142037
2142716
2143044
2144135
2145491
2145701
2145788
2147636
2152441
2153280
2153282
2153557
2153558
2154177
2154208
2154431
2154734
2155550
2155904
2156070
2156392
2158968
2160919
2161036
2161658
2161659
2161977
2164315
2164332
2164713
2165190
2166086
2166564
2167265
2167576
2168156
2168434
2168971
2169357
2169831
2171104
2171844
2172199
2173072
2173373
2173926
2174050
2174442
2175928
2177260
2177434
2178087
2179447
2182502
2182836
2183891
2184270
2185651
2185879
2186073
2188283
2188430
2189610
2191964
2192128
2192351
2193304
2194138
2194622
2194913
2195777
2195915
2195984
2196127
2196278
2196329
2197185
2197297
2198530
2199070
2200738
2200923
2201077
2202288
2202545
2203226
2204117
2204642
2205248
2205660
2206829
2207749
2208198
2208939
2209919
2211226
2217629
2217658
2218545
2218609
2218645
2219160
2219645
2219809
2219980
2220106
2220146
2220536
2220831
2220926
2222845
2222880
2223096
2223546
2226170
2226227
2226504
2226763
2228125
2228784
2229109
2229381
2229834
2230996
2231029
2232194
2232199
2232947
2232950
2233533
2233760
2233919
2234038
2234164
2234222
2234458
2234942
2235254
2235779
2236597
2237357
2237462
2238336
2238810
2239337
2239387
2239403
2242807
2243315
2243631
2244254
2244838
2245304
2245581
2245962
2245963
2246356
2246412
2248408
2248867
2249015
2249446
2249551
2250247
2250471
2250533
2250591
2250670
2251036
2254285
2254763
2254786
2254959
2255706
2256044
2256206
2256655
2257502
2257828
2258127
2259974
2261489
2261551
2263669
2263779
2264405
2266069
2266726
2267030
2267083
2267272
2268023
2269189
2271121
2271167
2271628
2272299
2273016
2273314
2274993
2275026
2276016
2276025
2276090
2277139
2277474
2278105
2278618
2279204
2279641
2280371
2281410
2282405
2283930
2285604
2286284
2287856
2289292
2292999
2294527
2295348
2295941
2296800
2297302
2298219
2299186
2299955
2300226
2301034
2301162
2301681
2302272
2302319
2305315
2305316
2305393
2306234
2306631
2306891
2307721
2309567
2310680
2310806
2310865
2311510
2311647
2311803
2311891
2312364
2313031
2313419
2314539
2314637
2314855
2315633
2316652
2316706
2317079
2317600
2318384
2318387
2319298
2319420
2320300
2320392
2321701
2321933
2322515
2322553
2322888
2324126
2324224
2326935
2327014
2328510
2331568
2331984
2332462
2332941
2333933
2334295
2334483
2335225
2335553
2335572
2335757
2336532
2336659
2339243
2339362
2340905
2342037
2343583
2344887
2346184
2346860
2346961
2348349
2348523
2348775
2349207
2349954
2349996
2350941
2351162
2351589
2351858
2352321
2352543
2352706
2352892
2355252
2357612
2358639
2361458
2362076
2363831
2363972
2365786
2366332
2367515
2368235
2369018
2369202
2369574
2371698
2372012
2372545
2373899
2374190
2374436
2375080
2380060
2381083
2382647
2384085
2385221
2385981
2388648
2388944
2389485
2389623
2391392
2391843
2392113
2394336
2395846
2397393
2398960
2400672
2400783
2400815
2401014
2403085
2404675
2404833
2405667
2406944
2408391
2410242
2410799
2411485
2412400
2415479
2415486
2415723
2417486
2418106
2418108
2418554
2419085
2419749
2422343
2422504
2422768
2422801
2423983
2424768
2428598
2429557
2430049
2431765
2431965
2432451
2433309
2434490
2436153
2437022
2437973
2438634
2438986
2440571
2441293
2442088
2443058
2443502
2443950
2444026
2444027
2445272
2445425
2446555
2448594
2449190
2449759
2450128
2450933
2451294
2452435
2452634
2453916
2454972
2455153
2455233
2457055
2457333
2457669
2457698
2457802
2457975
2458212
2459125
2459722
2459904
2459932
2460502
2460834
2461785
2461904
2462245
2462439
2462785
2463210
2463985
2464404
2464763
2465901
2466476
2467479
2468002
2468140
2468594
2469246
2470326
2471716
2474203
2476072
2476811
2477047
2477276
2479006
2479386
2480360
2483136
2483209
2484271
2484453
2484475
2485991
2486013
2489207
2489209
2489835
2489857
2490524
2492009
2493547
2497273
2498108
2498481
2500672
2502119
2502505
2502643
2503310
2503454
2506859
2506889
2507141
2507884
2508891
2508933
2509341
2509702
2510638
2511144
2514176
2515388
2515452
2517999
2521073
2522270
2522615
2522651
2522710
2522864
2524042
2524307
2524879
2526699
2528358
2528930
2529006
2529041
2530017
2530448
2531431
2532174
2533116
2533475
2534206
2534391
2535464
2535554
2535687
2538119
2538500
2539849
2540002
2540332
2540371
2541432
2541686
2543595
2543630
2547767
2550944
2551412
2552930
2554582
2554585
2555104
2555552
2556068
2557665
2559558
2559588
2559639
2560589
2561147
2561517
2561965
2562227
2563869
2565022
2565154
2567077
2568969
2570190
2571083
2571371
2573163
2574593
2578746
2579205
2579287
2581182
2581632
2581938
2582250
2583616
2584598
2584865
2585251
2585252
2586025
2587024
2587040
2588321
2588362
2588702
2588797
2589229
2590161
2590943
2592747
2593365
2593377
2593942
2594339
2594785
2594991
2595654
2595779
2596103
2596971
2598696
2598720
2599601
2600354
2601109
2601642
2602180
2602263
2603038
2603674
2603689
2603706
2603707
2603715
2603758
2604513
2605902
2606223
2606880
2608001
2608105
2608457
2608770
2610005
2610181
2613136
2613139
2613167
2613169
2613274
2615377
2615879
2616327
2616989
2617025
2618028
2618287
2619918
2620323
2621146
2621890
2622409
2623008
2623967
2624224
2624377
2625389
2626469
2626508
2626718
2628833
2630984
2631387
2631556
2632448
2632518
2633634
2633689
2633747
2633779
2633789
2633846
2635397
2636406
2636964
2638888
2639428
2640530
2640815
2643111
2643118
2643125
2643135
2643137
2643158
2643166
2643204
2643212
2643264
2643379
2643380
2643413
2643592
2645464
2645786
2646355
2646921
2647053
2648002
2648402
2649062
2650207
2650711
2651733
2651784
2651786
2651793
2651818
2651838
2651888
2651915
2652740
2655469
2657557
2657668
2658004
2658705
2658972
2659349
2659353
2659378
2659724
2660097
2661270
2661624
2661937
2662780
2662924
2664535
2664727
2666376
2667753
2667881
2668591
2668905
2668953
2669266
2669883
2670817
2670818
2671858
2671886
2673273
2675038
2675202
2680253
2680273
2680274
2680280
2680522
2680793
2680834
2680934
2680939
2681089
2682168
2683872
2686932
2688706
2689460
2689525
2689672
2691208
2691260
2692144
2696241
2698218
2698283
2699219
2699221
2699240
2699245
2699267
2700999
2701267
2701648
2701912
2702115
2702748
2703453
2704351
2705665
2708442
2708875
2708946
2708955
2708956
2708960
2708961
2708965
2708970
2708972
2708980
2708985
2709014
2709059
2709076
2709080
2709094
2709097
2709164
2709544
2709933
2711069
2711306
2711757
2712840
2712975
2714426
2715187
2715253
2716029
2716344
2716417
2718544
2719302
2719305
2719326
2719372
2719385
2719386
2719427
2719429
2719431
2719653
2721644
2722429
2722655
2723407
2725342
2726346
2727564
2728162
2728186
2728977
2729826
2729964
2730029
2730613
2730748
2730848
2731087
2731139
2731307
2731512
2732588
2732602
2733463
2733519
2734059
2735463
2735574
2736040
2739798
2740115
2740342
2740381
2740523
2741408
2741910
2742185
2743520
2744506
2745048
2747936
2751003
2751371
2752177
2754917
2756144
2756784
2757259
2757979
2759282
2760729
2761040
2761277
2763055
2764843
2765943
2767891
2768155
2768157
2768610
2769435
2770057
2771080
2771203
2773389
2773398
2773954
2775030
2778113
2778208
2778577
2779104
2779114
2779282
2779416
2779806
2781252
2781671
2782643
2783765
2783766
2784430
2785406
2785615
2785676
2786685
2787474
2787569
2788239
2788522
2788974
2790639
2790714
2793108
2793268
2793269
2793739
2794464
2796779
2797157
2797214
2797260
2797865
2799753
2800904
2801137
2801208
2803104
2803688
2808695
2810141
2811443
2811763
2812266
2815033
2815388
2815870
2815972
2818017
2819021
2819029
2819791
2820209
2821569
2822239
2822369
2828365
2828902
2829681
2829910
2830402
2831360
2831663
2831709
2831915
2833226
2835894
2837137
2838224
2840490
2840551
2840740
2841505
2843144
2843299
2843603
2843881
2843890
2844308
2844710
2845448
2845562
2846548
2847746
2848898
2849349
2850073
2850156
2853100
2853665
2853674
2853709
2853827
2854589
2854650
2855075
2855640
2856086
2856176
2856232
2857448
2861729
2862059
2865359
2866206
2866812
2867842
2868388
2868859
2869423
2869424
2869425
2871780
2873467
2873706
2874944
2875539
2875960
2878235
2879997
2880884
2881154
2881158
2881524
2881526
2881616
2881619
2881741
2882272
2882313
2882314
2882501
2883745
2883760
2887101
2888635
2891411
2892551
2892696
2892985
2893305
2893329
2894601
2895112
2895398
2895498
2895842
2896717
2899195
2903726
2904100
2904852
2905806
2907457
2907463
2909363
2909941
2911355
2912320
2915338
2915636
2915687
2916562
2918129
2918146
2918272
2919880
2921737
2923999
2925905
2926505
2928050
2928571
2929865
2930507
2930817
2931602
2932550
2932554
2934950
2938138
2941887
2942890
2943252
2946220
2946442
2946457
2946886
2947175
2947821
2950591
2952884
2953828
2954047
2954718
2954864
2954960
2955445
2955543
2955648
2956854
2956919
2957016
2959643
2961607
2961640
2962206
2962254
2964306
2965623
2965875
2967165
2967279
2968792
2968871
2968941
2968949
2969095
2969152
2969484
2970762
2971892
2972595
2976155
2979585
2981274
2981294
2981472
2983143
2983190
2983635
2985706
2986202
2987037
2988161
2988239
2992795
2994682
2996105
2996940
2997337
2998444
2998490
2998515
3001358
3007185
3007644
3007672
3008694
3008876
3010598
3010882
3018465
3019183
3019994
3020221
3020230
3020246
3020255
3020303
3020314
3020545
3020554
3021296
3033660
3034197
3036867
3044911
3045916
3048737
3049607
3051587
3056724
3056728
3067213
3076939
3078649
3081546
3082675
3087146
3092421
3093143
3093500
3097185
3099848
3103467
3106044
3107447
3108419
3114980
3117956
3119677
3119680
3119716
3129534
3143545
3154742
3168035
3168103
3168378
1783196
2661270
1799797
2747936
2581938
161787
2082018
252236
252238
668662
817155
345099
315354
435350
255694
129891
658127